Date,BkLHJ_Cases,BkLHJ_CumulCases,BkLHJ_Deaths,BkLHJ_CumulDeaths,ACLHJ_Cases,ACLHJ_CumulCases,ACLHJ_Deaths,ACLHJ_CumulDeaths,AC_Cases,AC_CumulCases,AC_Deaths,AC_CumulDeaths,ObjectId
2020/02/28 08:00:00+00,1,1,0,0,1,1,0,0,2,2,0,0,1
2020/02/29 08:00:00+00,0,1,0,0,0,1,0,0,0,2,0,0,2
2020/03/01 08:00:00+00,0,1,0,0,0,1,0,0,0,2,0,0,3
2020/03/02 08:00:00+00,0,1,0,0,0,1,0,0,0,2,0,0,4
2020/03/03 08:00:00+00,0,1,0,0,0,1,0,0,0,2,0,0,5
2020/03/04 08:00:00+00,0,1,0,0,0,1,0,0,0,2,0,0,6
2020/03/05 08:00:00+00,0,1,0,0,0,1,0,0,0,2,0,0,7
2020/03/06 08:00:00+00,0,1,0,0,1,2,0,0,1,3,0,0,8
2020/03/07 08:00:00+00,0,1,0,0,0,2,0,0,0,3,0,0,9
2020/03/08 08:00:00+00,0,1,0,0,1,3,0,0,1,4,0,0,10
2020/03/09 07:00:00+00,0,1,0,0,0,3,0,0,0,4,0,0,11
2020/03/10 07:00:00+00,0,1,0,0,7,10,0,0,7,11,0,0,12
2020/03/11 07:00:00+00,0,1,0,0,1,11,0,0,1,12,0,0,13
2020/03/12 07:00:00+00,0,1,0,0,1,12,0,0,1,13,0,0,14
2020/03/13 07:00:00+00,0,1,0,0,1,13,0,0,1,14,0,0,15
2020/03/14 07:00:00+00,0,1,0,0,7,20,0,0,7,21,0,0,16
2020/03/15 07:00:00+00,0,1,0,0,0,20,0,0,0,21,0,0,17
2020/03/16 07:00:00+00,0,1,0,0,11,31,0,0,11,32,0,0,18
2020/03/17 07:00:00+00,0,1,0,0,2,33,0,0,2,34,0,0,19
2020/03/18 07:00:00+00,1,2,0,0,8,41,0,0,9,43,0,0,20
2020/03/19 07:00:00+00,1,3,0,0,7,48,0,0,8,51,0,0,21
2020/03/20 07:00:00+00,1,4,0,0,20,68,0,0,21,72,0,0,22
2020/03/21 07:00:00+00,0,4,0,0,17,85,0,0,17,89,0,0,23
2020/03/22 07:00:00+00,1,5,0,0,27,112,2,2,28,117,2,2,24
2020/03/23 07:00:00+00,5,10,0,0,19,131,0,2,24,141,0,2,25
2020/03/24 07:00:00+00,0,10,0,0,20,151,0,2,20,161,0,2,26
2020/03/25 07:00:00+00,3,13,0,0,35,186,2,4,38,199,2,4,27
2020/03/26 07:00:00+00,2,15,0,0,37,223,1,5,39,238,1,5,28
2020/03/27 07:00:00+00,3,18,0,0,34,257,2,7,37,275,2,7,29
2020/03/28 07:00:00+00,0,18,0,0,21,278,3,10,21,296,3,10,30
2020/03/29 07:00:00+00,0,18,0,0,11,289,0,10,11,307,0,10,31
2020/03/30 07:00:00+00,0,18,0,0,48,337,0,10,48,355,0,10,32
2020/03/31 07:00:00+00,1,19,0,0,44,381,1,11,45,400,1,11,33
2020/04/01 07:00:00+00,4,23,0,0,40,421,2,13,44,444,2,13,34
2020/04/02 07:00:00+00,1,24,0,0,50,471,1,14,51,495,1,14,35
2020/04/03 07:00:00+00,4,28,0,0,70,541,1,15,74,569,1,15,36
2020/04/04 07:00:00+00,1,29,0,0,30,571,1,16,31,600,1,16,37
2020/04/05 07:00:00+00,0,29,0,0,29,600,2,18,29,629,2,18,38
2020/04/06 07:00:00+00,1,30,0,0,42,642,2,20,43,672,2,20,39
2020/04/07 07:00:00+00,2,32,0,0,27,669,3,23,29,701,3,23,40
2020/04/08 07:00:00+00,1,33,1,1,38,707,2,25,39,740,3,26,41
2020/04/09 07:00:00+00,3,36,0,1,55,762,2,27,58,798,2,28,42
2020/04/10 07:00:00+00,0,36,0,1,30,792,2,29,30,828,2,30,43
2020/04/11 07:00:00+00,0,36,0,1,46,838,3,32,46,874,3,33,44
2020/04/12 07:00:00+00,0,36,0,1,50,888,4,36,50,924,4,37,45
2020/04/13 07:00:00+00,0,36,0,1,31,919,3,39,31,955,3,40,46
2020/04/14 07:00:00+00,2,38,0,1,26,945,4,43,28,983,4,44,47
2020/04/15 07:00:00+00,2,40,0,1,79,1024,1,44,81,1064,1,45,48
2020/04/16 07:00:00+00,1,41,0,1,38,1062,0,44,39,1103,0,45,49
2020/04/17 07:00:00+00,2,43,0,1,52,1114,5,49,54,1157,5,50,50
2020/04/18 07:00:00+00,1,44,0,1,54,1168,2,51,55,1212,2,52,51
2020/04/19 07:00:00+00,0,44,0,1,33,1201,1,52,33,1245,1,53,52
2020/04/20 07:00:00+00,1,45,0,1,41,1242,1,53,42,1287,1,54,53
2020/04/21 07:00:00+00,1,46,0,1,39,1281,2,55,40,1327,2,56,54
2020/04/22 07:00:00+00,0,46,0,1,41,1322,2,57,41,1368,2,58,55
2020/04/23 07:00:00+00,1,47,0,1,53,1375,1,58,54,1422,1,59,56
2020/04/24 07:00:00+00,0,47,0,1,25,1400,2,60,25,1447,2,61,57
2020/04/25 07:00:00+00,0,47,0,1,30,1430,0,60,30,1477,0,61,58
2020/04/26 07:00:00+00,1,48,0,1,37,1467,1,61,38,1515,1,62,59
2020/04/27 07:00:00+00,3,51,0,1,23,1490,2,63,26,1541,2,64,60
2020/04/28 07:00:00+00,0,51,0,1,30,1520,1,64,30,1571,1,65,61
2020/04/29 07:00:00+00,1,52,0,1,34,1554,1,65,35,1606,1,66,62
2020/04/30 07:00:00+00,1,53,0,1,41,1595,0,65,42,1648,0,66,63
2020/05/01 07:00:00+00,0,53,0,1,65,1660,0,65,65,1713,0,66,64
2020/05/02 07:00:00+00,1,54,0,1,45,1705,0,65,46,1759,0,66,65
2020/05/03 07:00:00+00,1,55,0,1,24,1729,1,66,25,1784,1,67,66
2020/05/04 07:00:00+00,1,56,0,1,34,1763,0,66,35,1819,0,67,67
2020/05/05 07:00:00+00,4,60,0,1,43,1806,0,66,47,1866,0,67,68
2020/05/06 07:00:00+00,3,63,0,1,48,1854,0,66,51,1917,0,67,69